camera_matrix:
- - 1379.4102426941595
  - 0.0
  - 642.4893208443577
- - 0.0
  - 1377.1286103439993
  - 313.25739420496194
- - 0.0
  - 0.0
  - 1.0
dist_coeff:
- - 0.00028065961160707195
  - 0.6560756608169898
  - -0.014414893072502568
  - 0.004229028036051467
  - -1.4908681898730933
