camera_matrix:
- - 1423.3151527840776
  - 0.0
  - 653.3443677779449
- - 0.0
  - 1419.6472658775135
  - 353.6152422165112
- - 0.0
  - 0.0
  - 1.0
dist_coeff:
- - 0.11109373795301564
  - -0.09922086718188869
  - -0.002901711978335078
  - 0.002977373781648665
  - -0.9735221685647087
